Profile: 0-0-2-0-0
IMBF([1, 3, 5], [2, 3, 4]) (15 MBFs)

Profile: 0-0-2-1-0
IMBF([2, 3, 4], [1, 2, 5], [1, 3, 4, 5]) (15 MBFs)

Profile: 0-0-3-0-0
IMBF([1, 4, 5], [1, 2, 3], [3, 4, 5]) (30 MBFs)
IMBF([2, 3, 5], [2, 3, 4], [1, 2, 5]) (60 MBFs)

Profile: 0-0-3-1-0
IMBF([1, 3, 4], [1, 3, 5], [2, 3, 4, 5], [1, 2, 4]) (60 MBFs)

Profile: 0-0-4-0-0
IMBF([1, 4, 5], [2, 3, 4], [3, 4, 5], [1, 2, 4]) (15 MBFs)
IMBF([1, 3, 5], [2, 4, 5], [2, 3, 4], [1, 2, 5]) (60 MBFs)
IMBF([2, 3, 5], [1, 4, 5], [1, 3, 5], [1, 2, 3]) (60 MBFs)
IMBF([1, 3, 4], [3, 4, 5], [2, 3, 4], [1, 2, 5]) (10 MBFs)

Profile: 0-0-4-1-0
IMBF([2, 4, 5], [1, 2, 3], [2, 3, 4], [1, 2, 5], [1, 3, 4, 5]) (15 MBFs)

Profile: 0-0-5-0-0
IMBF([2, 3, 5], [1, 3, 4], [1, 3, 5], [3, 4, 5], [1, 2, 5]) (60 MBFs)
IMBF([2, 3, 5], [1, 3, 4], [1, 3, 5], [2, 4, 5], [1, 2, 4]) (12 MBFs)
IMBF([2, 3, 5], [1, 4, 5], [1, 3, 4], [2, 4, 5], [1, 2, 4]) (60 MBFs)
IMBF([1, 4, 5], [1, 3, 4], [1, 2, 3], [2, 3, 4], [1, 2, 5]) (60 MBFs)

Profile: 0-0-6-0-0
IMBF([1, 3, 5], [2, 3, 5], [2, 3, 4], [1, 2, 5], [1, 4, 5], [1, 2, 3]) (15 MBFs)
IMBF([1, 3, 5], [3, 4, 5], [2, 3, 4], [1, 2, 5], [2, 4, 5], [1, 2, 3]) (10 MBFs)
IMBF([3, 4, 5], [2, 3, 5], [2, 3, 4], [1, 2, 5], [1, 2, 4], [1, 3, 4]) (60 MBFs)
IMBF([1, 3, 5], [3, 4, 5], [2, 3, 5], [1, 2, 5], [1, 2, 4], [1, 4, 5]) (60 MBFs)

Profile: 0-0-7-0-0
IMBF([3, 4, 5], [2, 3, 4], [1, 2, 5], [1, 4, 5], [1, 3, 4], [2, 4, 5], [1, 2, 3]) (30 MBFs)
IMBF([1, 3, 5], [2, 3, 5], [1, 2, 5], [1, 2, 4], [1, 4, 5], [1, 3, 4], [2, 4, 5]) (60 MBFs)

Profile: 0-0-8-0-0
IMBF([1, 3, 5], [3, 4, 5], [2, 3, 4], [1, 2, 5], [1, 2, 4], [1, 4, 5], [2, 4, 5], [1, 2, 3]) (15 MBFs)

Profile: 0-1-1-0-0
IMBF([1, 2, 3], [4, 5]) (10 MBFs)

Profile: 0-1-2-0-0
IMBF([1, 5], [1, 2, 3], [3, 4, 5]) (60 MBFs)
IMBF([1, 2], [1, 3, 4], [3, 4, 5]) (60 MBFs)

Profile: 0-1-3-0-0
IMBF([2, 3, 5], [1, 4], [1, 2, 3], [1, 2, 5]) (60 MBFs)
IMBF([1, 3], [2, 3, 5], [1, 4, 5], [1, 2, 4]) (60 MBFs)
IMBF([2, 3, 5], [1, 4], [1, 2, 3], [2, 4, 5]) (60 MBFs)
IMBF([2, 4], [1, 3, 4], [1, 3, 5], [1, 2, 3]) (30 MBFs)

Profile: 0-1-4-0-0
IMBF([2, 3, 5], [1, 5], [2, 4, 5], [1, 2, 3], [2, 3, 4]) (120 MBFs)
IMBF([1, 3, 5], [1, 2, 3], [2, 5], [3, 4, 5], [1, 2, 4]) (60 MBFs)
IMBF([2, 3, 5], [3, 4], [1, 4, 5], [1, 2, 5], [1, 2, 4]) (60 MBFs)
IMBF([2, 4], [2, 3, 5], [1, 3, 5], [1, 2, 3], [1, 2, 5]) (20 MBFs)

Profile: 0-1-5-0-0
IMBF([3, 4, 5], [2, 3, 5], [1, 5], [2, 3, 4], [1, 3, 4], [1, 2, 3]) (30 MBFs)
IMBF([2, 3, 5], [1, 2, 5], [1, 2, 4], [1, 4, 5], [3, 4], [1, 2, 3]) (60 MBFs)
IMBF([2, 4], [1, 3, 5], [3, 4, 5], [2, 3, 5], [1, 2, 5], [1, 2, 3]) (60 MBFs)

Profile: 0-1-6-0-0
IMBF([2, 4], [1, 3, 5], [3, 4, 5], [2, 3, 5], [1, 4, 5], [1, 3, 4], [1, 2, 3]) (60 MBFs)

Profile: 0-2-0-0-0
IMBF([3, 4], [1, 5]) (15 MBFs)

Profile: 0-2-1-0-0
IMBF([1, 2], [3, 5], [2, 3, 4]) (60 MBFs)
IMBF([1, 4, 5], [2, 3], [2, 5]) (60 MBFs)

Profile: 0-2-2-0-0
IMBF([2, 4], [1, 3], [1, 2, 5], [3, 4, 5]) (30 MBFs)
IMBF([2, 4], [1, 2], [1, 3, 5], [3, 4, 5]) (30 MBFs)
IMBF([1, 3, 4], [2, 3], [3, 5], [1, 2, 4]) (60 MBFs)
IMBF([1, 3], [1, 2], [2, 4, 5], [2, 3, 4]) (120 MBFs)
IMBF([1, 2], [2, 4, 5], [3, 5], [2, 3, 4]) (60 MBFs)

Profile: 0-2-3-0-0
IMBF([1, 5], [2, 3], [1, 3, 4], [3, 4, 5], [1, 2, 4]) (60 MBFs)
IMBF([4, 5], [1, 3, 4], [1, 3, 5], [2, 3, 4], [2, 5]) (120 MBFs)
IMBF([1, 3, 5], [1, 2, 3], [4, 5], [1, 2, 5], [1, 4]) (60 MBFs)
IMBF([2, 4], [2, 3, 5], [1, 4], [3, 4, 5], [1, 3, 5]) (30 MBFs)
IMBF([2, 4], [3, 4], [1, 3, 5], [1, 2, 3], [1, 2, 5]) (60 MBFs)

Profile: 0-2-4-0-0
IMBF([1, 3, 5], [2, 3, 5], [1, 4], [2, 3, 4], [1, 2, 3], [4, 5]) (60 MBFs)
IMBF([1, 4], [3, 5], [2, 3, 4], [1, 2, 5], [2, 4, 5], [1, 2, 3]) (15 MBFs)
IMBF([2, 4], [1, 3, 5], [2, 3, 5], [1, 2, 5], [3, 4], [1, 2, 3]) (30 MBFs)

Profile: 0-3-0-0-0
IMBF([1, 2], [1, 4], [4, 5]) (60 MBFs)
IMBF([1, 2], [3, 4], [4, 5]) (30 MBFs)

Profile: 0-3-1-0-0
IMBF([2, 4], [1, 4, 5], [2, 3], [2, 5]) (60 MBFs)
IMBF([3, 4], [1, 4], [3, 5], [1, 2, 5]) (60 MBFs)
IMBF([3, 4], [2, 4, 5], [2, 3], [1, 4]) (120 MBFs)
IMBF([3, 4], [1, 4], [1, 2, 3], [2, 5]) (60 MBFs)

Profile: 0-3-2-0-0
IMBF([1, 5], [1, 4], [1, 2, 3], [2, 5], [3, 4, 5]) (60 MBFs)
IMBF([2, 4], [1, 2], [1, 3, 4], [3, 5], [1, 4, 5]) (30 MBFs)
IMBF([1, 3], [2, 3], [2, 4, 5], [1, 2, 5], [1, 4]) (120 MBFs)
IMBF([1, 5], [4, 5], [1, 2, 3], [2, 3, 4], [2, 5]) (60 MBFs)

Profile: 0-3-3-0-0
IMBF([2, 4], [1, 3, 5], [1, 4, 5], [1, 3, 4], [2, 3], [2, 5]) (20 MBFs)
IMBF([1, 2], [3, 5], [2, 3, 4], [1, 4, 5], [1, 3], [2, 4, 5]) (60 MBFs)

Profile: 0-4-0-0-0
IMBF([3, 4], [1, 5], [1, 4], [3, 5]) (15 MBFs)
IMBF([2, 4], [1, 5], [2, 3], [2, 5]) (60 MBFs)
IMBF([2, 4], [3, 4], [1, 5], [2, 3]) (10 MBFs)
IMBF([2, 4], [3, 4], [1, 5], [3, 5]) (60 MBFs)

Profile: 0-4-1-0-0
IMBF([1, 3], [3, 4], [3, 5], [2, 5], [1, 4, 5]) (60 MBFs)
IMBF([2, 4], [1, 3], [1, 5], [2, 5], [3, 4, 5]) (60 MBFs)
IMBF([1, 3], [1, 5], [2, 3], [2, 5], [3, 4, 5]) (30 MBFs)
IMBF([3, 4], [1, 4], [4, 5], [1, 2, 5], [2, 3]) (60 MBFs)

Profile: 0-4-2-0-0
IMBF([2, 4], [1, 2], [3, 5], [1, 4, 5], [1, 3, 4], [2, 3]) (60 MBFs)
IMBF([2, 4], [3, 5], [1, 4, 5], [3, 4], [2, 5], [1, 2, 3]) (15 MBFs)

Profile: 0-5-0-0-0
IMBF([2, 4], [1, 3], [1, 5], [2, 3], [1, 4]) (60 MBFs)
IMBF([2, 4], [1, 2], [1, 5], [3, 5], [2, 5]) (60 MBFs)
IMBF([2, 4], [1, 2], [1, 5], [3, 5], [3, 4]) (12 MBFs)
IMBF([1, 2], [1, 5], [3, 4], [2, 5], [4, 5]) (60 MBFs)

Profile: 0-5-1-0-0
IMBF([1, 3, 5], [1, 2], [1, 4], [3, 4], [2, 3], [2, 5]) (60 MBFs)
IMBF([1, 5], [3, 5], [1, 2, 4], [2, 3], [1, 3], [4, 5]) (60 MBFs)

Profile: 0-6-0-0-0
IMBF([2, 4], [1, 2], [2, 3], [2, 5], [1, 3], [4, 5]) (15 MBFs)
IMBF([2, 4], [1, 2], [3, 5], [3, 4], [2, 5], [1, 3]) (10 MBFs)
IMBF([2, 4], [1, 2], [3, 4], [2, 3], [1, 3], [4, 5]) (60 MBFs)
IMBF([1, 5], [1, 4], [3, 4], [2, 3], [2, 5], [4, 5]) (60 MBFs)

Profile: 0-6-1-0-0
IMBF([2, 4], [1, 2], [3, 5], [1, 4, 5], [3, 4], [2, 5], [1, 3]) (10 MBFs)

Profile: 0-7-0-0-0
IMBF([1, 2], [1, 4], [3, 4], [2, 3], [2, 5], [1, 3], [4, 5]) (30 MBFs)
IMBF([2, 4], [1, 2], [1, 5], [1, 4], [3, 5], [3, 4], [4, 5]) (60 MBFs)

Profile: 0-8-0-0-0
IMBF([2, 4], [1, 2], [1, 5], [3, 4], [2, 3], [2, 5], [1, 3], [4, 5]) (15 MBFs)

Profile: 1-2-0-0-0
IMBF([3, 4], [1, 5], [2]) (15 MBFs)

Profile: 1-3-0-0-0
IMBF([2, 4], [1, 5], [3], [2, 5]) (60 MBFs)

Profile: 1-4-0-0-0
IMBF([1, 3], [2], [1, 4], [3, 5], [4, 5]) (15 MBFs)

Total IMBFs: 91 IMBFs
Total MBFs : 4294 MBFs
