Profile: 0-0-0-0-0
IMBF([]) (1 MBFs)

Profile: 0-0-0-0-1
IMBF([1, 2, 3, 4, 5]) (1 MBFs)

Profile: 0-0-0-1-0
IMBF([1, 3, 4, 5]) (5 MBFs)

Profile: 0-0-0-2-0
IMBF([1, 2, 4, 5], [2, 3, 4, 5]) (10 MBFs)

Profile: 0-0-0-3-0
IMBF([1, 2, 3, 4], [1, 2, 4, 5], [1, 3, 4, 5]) (10 MBFs)

Profile: 0-0-0-4-0
IMBF([1, 2, 4, 5], [2, 3, 4, 5], [1, 2, 3, 5], [1, 3, 4, 5]) (5 MBFs)

Profile: 0-0-0-5-0
IMBF([1, 2, 3, 4], [1, 2, 4, 5], [2, 3, 4, 5], [1, 2, 3, 5], [1, 3, 4, 5]) (1 MBFs)

Profile: 0-0-1-0-0
IMBF([1, 3, 5]) (10 MBFs)

Profile: 0-0-1-1-0
IMBF([1, 2, 3, 5], [1, 2, 4]) (30 MBFs)

Profile: 0-0-1-2-0
IMBF([1, 2, 4, 5], [2, 3, 4], [1, 2, 3, 5]) (30 MBFs)

Profile: 0-0-1-3-0
IMBF([1, 3, 4], [2, 3, 4, 5], [1, 2, 4, 5], [1, 2, 3, 5]) (10 MBFs)

Profile: 0-0-10-0-0
IMBF([1, 3, 5], [3, 4, 5], [2, 3, 5], [2, 3, 4], [1, 2, 5], [1, 2, 4], [1, 4, 5], [1, 3, 4], [2, 4, 5], [1, 2, 3]) (1 MBFs)

Profile: 0-0-2-0-0
IMBF([2, 3, 5], [1, 2, 5]) (30 MBFs)

Profile: 0-0-2-1-0
IMBF([2, 3, 5], [1, 2, 4, 5], [2, 3, 4]) (60 MBFs)

Profile: 0-0-2-2-0
IMBF([1, 4, 5], [1, 2, 3, 4], [1, 3, 5], [2, 3, 4, 5]) (30 MBFs)

Profile: 0-0-3-0-0
IMBF([1, 4, 5], [1, 3, 4], [1, 3, 5]) (20 MBFs)
IMBF([1, 3, 4], [1, 3, 5], [1, 2, 3]) (10 MBFs)

Profile: 0-0-3-1-0
IMBF([1, 4, 5], [1, 3, 4], [1, 2, 3, 5], [1, 2, 4]) (20 MBFs)
IMBF([2, 3, 5], [1, 2, 3, 4], [2, 4, 5], [3, 4, 5]) (20 MBFs)

Profile: 0-0-3-2-0
IMBF([2, 3, 5], [1, 2, 3, 4], [2, 4, 5], [1, 2, 5], [1, 3, 4, 5]) (10 MBFs)

Profile: 0-0-4-0-0
IMBF([1, 4, 5], [1, 3, 4], [2, 4, 5], [3, 4, 5]) (60 MBFs)
IMBF([2, 3, 5], [2, 4, 5], [2, 3, 4], [3, 4, 5]) (5 MBFs)

Profile: 0-0-4-1-0
IMBF([2, 4, 5], [1, 2, 4], [2, 3, 4], [3, 4, 5], [1, 2, 3, 5]) (60 MBFs)

Profile: 0-0-5-0-0
IMBF([2, 3, 5], [1, 3, 5], [1, 2, 3], [2, 3, 4], [3, 4, 5]) (30 MBFs)
IMBF([2, 3, 5], [1, 3, 4], [2, 4, 5], [2, 3, 4], [3, 4, 5]) (30 MBFs)

Profile: 0-0-5-1-0
IMBF([1, 3, 5], [1, 2, 5], [1, 2, 4], [1, 4, 5], [1, 3, 4], [2, 3, 4, 5]) (30 MBFs)

Profile: 0-0-6-0-0
IMBF([1, 3, 5], [3, 4, 5], [2, 3, 5], [2, 3, 4], [1, 3, 4], [1, 2, 3]) (5 MBFs)
IMBF([1, 3, 5], [2, 3, 5], [2, 3, 4], [1, 2, 5], [1, 2, 4], [1, 2, 3]) (60 MBFs)

Profile: 0-0-6-1-0
IMBF([1, 2, 4], [3, 4, 5], [2, 3, 4], [1, 2, 3, 5], [1, 4, 5], [1, 3, 4], [2, 4, 5]) (5 MBFs)

Profile: 0-0-7-0-0
IMBF([1, 3, 5], [3, 4, 5], [2, 3, 5], [2, 3, 4], [1, 4, 5], [1, 3, 4], [2, 4, 5]) (10 MBFs)
IMBF([1, 3, 5], [3, 4, 5], [2, 3, 5], [1, 2, 5], [1, 4, 5], [1, 3, 4], [2, 4, 5]) (20 MBFs)

Profile: 0-0-8-0-0
IMBF([1, 3, 5], [3, 4, 5], [2, 3, 4], [1, 2, 5], [1, 2, 4], [1, 4, 5], [1, 3, 4], [1, 2, 3]) (30 MBFs)

Profile: 0-0-9-0-0
IMBF([1, 3, 5], [3, 4, 5], [2, 3, 5], [2, 3, 4], [1, 2, 5], [1, 2, 4], [1, 4, 5], [1, 3, 4], [2, 4, 5]) (10 MBFs)

Profile: 0-1-0-0-0
IMBF([1, 5]) (10 MBFs)

Profile: 0-1-0-1-0
IMBF([2, 5], [1, 3, 4, 5]) (20 MBFs)

Profile: 0-1-0-2-0
IMBF([3, 4], [1, 2, 4, 5], [1, 2, 3, 5]) (10 MBFs)

Profile: 0-1-1-0-0
IMBF([1, 4], [1, 2, 3]) (60 MBFs)

Profile: 0-1-1-1-0
IMBF([1, 4, 5], [1, 2, 3, 4], [2, 5]) (60 MBFs)

Profile: 0-1-2-0-0
IMBF([2, 4], [1, 4, 5], [1, 2, 5]) (30 MBFs)
IMBF([1, 3], [1, 4, 5], [1, 2, 5]) (60 MBFs)

Profile: 0-1-2-1-0
IMBF([2, 3, 4], [1, 2, 4], [1, 2, 3, 5], [4, 5]) (60 MBFs)

Profile: 0-1-3-0-0
IMBF([1, 4, 5], [3, 5], [1, 2, 3], [1, 2, 5]) (120 MBFs)
IMBF([3, 5], [1, 3, 4], [1, 2, 3], [2, 3, 4]) (20 MBFs)

Profile: 0-1-3-1-0
IMBF([2, 3, 5], [1, 2, 3, 4], [1, 3, 5], [1, 2, 5], [4, 5]) (20 MBFs)

Profile: 0-1-4-0-0
IMBF([2, 3], [1, 3, 4], [1, 3, 5], [1, 2, 5], [1, 2, 4]) (30 MBFs)
IMBF([2, 3, 5], [1, 3, 4], [1, 3, 5], [1, 2, 5], [4, 5]) (60 MBFs)

Profile: 0-1-5-0-0
IMBF([3, 5], [2, 3, 4], [1, 2, 5], [1, 4, 5], [1, 3, 4], [2, 4, 5]) (60 MBFs)

Profile: 0-1-6-0-0
IMBF([1, 3, 5], [3, 4, 5], [2, 3, 4], [1, 2, 4], [1, 4, 5], [2, 5], [1, 2, 3]) (10 MBFs)

Profile: 0-1-7-0-0
IMBF([1, 3, 5], [3, 4, 5], [2, 3, 4], [1, 2, 4], [1, 4, 5], [1, 3, 4], [2, 5], [1, 2, 3]) (10 MBFs)

Profile: 0-10-0-0-0
IMBF([2, 4], [1, 2], [1, 5], [1, 4], [3, 5], [3, 4], [2, 3], [2, 5], [1, 3], [4, 5]) (1 MBFs)

Profile: 0-2-0-0-0
IMBF([1, 2], [1, 4]) (30 MBFs)

Profile: 0-2-0-1-0
IMBF([1, 3], [3, 4], [1, 2, 4, 5]) (30 MBFs)

Profile: 0-2-1-0-0
IMBF([1, 2], [1, 5], [1, 3, 4]) (30 MBFs)
IMBF([1, 2], [2, 3], [1, 3, 5]) (60 MBFs)

Profile: 0-2-1-1-0
IMBF([1, 4, 5], [1, 2, 3, 4], [3, 5], [2, 5]) (30 MBFs)

Profile: 0-2-2-0-0
IMBF([2, 4], [1, 4], [1, 2, 3], [1, 2, 5]) (30 MBFs)
IMBF([2, 3, 5], [1, 2], [1, 5], [1, 3, 4]) (60 MBFs)

Profile: 0-2-3-0-0
IMBF([1, 3], [3, 4], [2, 3, 5], [1, 4, 5], [1, 2, 4]) (30 MBFs)

Profile: 0-2-4-0-0
IMBF([1, 5], [3, 5], [1, 2, 4], [1, 3, 4], [2, 4, 5], [1, 2, 3]) (60 MBFs)

Profile: 0-2-5-0-0
IMBF([3, 5], [2, 3, 4], [1, 2, 5], [1, 2, 4], [1, 3, 4], [1, 2, 3], [4, 5]) (30 MBFs)

Profile: 0-3-0-0-0
IMBF([1, 5], [3, 5], [4, 5]) (20 MBFs)
IMBF([1, 3], [3, 4], [1, 4]) (10 MBFs)

Profile: 0-3-0-1-0
IMBF([3, 4], [1, 4], [1, 2, 3, 5], [4, 5]) (20 MBFs)

Profile: 0-3-1-0-0
IMBF([2, 4], [1, 3, 5], [2, 5], [4, 5]) (30 MBFs)
IMBF([3, 5], [1, 5], [1, 2, 3], [2, 5]) (20 MBFs)

Profile: 0-3-2-0-0
IMBF([2, 4], [3, 4], [2, 3, 5], [1, 2, 3], [4, 5]) (60 MBFs)
IMBF([2, 4], [1, 3, 4], [1, 3, 5], [2, 5], [4, 5]) (30 MBFs)

Profile: 0-3-3-0-0
IMBF([3, 5], [1, 2, 5], [1, 2, 4], [3, 4], [1, 2, 3], [4, 5]) (10 MBFs)
IMBF([3, 5], [1, 2, 4], [1, 4, 5], [3, 4], [1, 3], [2, 4, 5]) (60 MBFs)

Profile: 0-3-4-0-0
IMBF([1, 5], [2, 3, 4], [1, 2, 4], [1, 3, 4], [2, 5], [1, 2, 3], [4, 5]) (20 MBFs)

Profile: 0-4-0-0-0
IMBF([1, 5], [3, 5], [2, 5], [4, 5]) (5 MBFs)
IMBF([1, 3], [1, 5], [1, 4], [4, 5]) (60 MBFs)

Profile: 0-4-0-1-0
IMBF([2, 4], [3, 4], [1, 4], [1, 2, 3, 5], [4, 5]) (5 MBFs)

Profile: 0-4-1-0-0
IMBF([3, 4], [1, 5], [4, 5], [3, 5], [1, 2, 4]) (120 MBFs)
IMBF([1, 3], [1, 2], [1, 5], [1, 4], [2, 3, 5]) (20 MBFs)

Profile: 0-4-2-0-0
IMBF([2, 3, 5], [1, 2], [1, 5], [1, 4], [2, 3, 4], [4, 5]) (60 MBFs)
IMBF([2, 3, 5], [1, 2], [1, 5], [1, 4], [1, 3], [2, 4, 5]) (30 MBFs)

Profile: 0-4-3-0-0
IMBF([3, 4, 5], [2, 3, 5], [1, 2], [1, 5], [1, 4], [2, 3, 4], [1, 3]) (20 MBFs)

Profile: 0-4-4-0-0
IMBF([2, 4], [1, 3, 5], [3, 4, 5], [1, 2], [1, 4, 5], [1, 3, 4], [2, 3], [2, 5]) (5 MBFs)

Profile: 0-5-0-0-0
IMBF([1, 3], [3, 4], [2, 3], [3, 5], [2, 5]) (30 MBFs)
IMBF([1, 3], [1, 5], [2, 3], [3, 5], [2, 5]) (30 MBFs)

Profile: 0-5-1-0-0
IMBF([1, 5], [3, 5], [1, 2, 4], [3, 4], [1, 3], [4, 5]) (30 MBFs)
IMBF([1, 5], [3, 5], [1, 2, 4], [2, 5], [1, 3], [4, 5]) (60 MBFs)

Profile: 0-5-2-0-0
IMBF([2, 4], [1, 3, 5], [2, 3, 5], [1, 2], [1, 4], [3, 4], [4, 5]) (30 MBFs)

Profile: 0-6-0-0-0
IMBF([2, 4], [1, 2], [1, 4], [3, 4], [2, 3], [1, 3]) (5 MBFs)
IMBF([1, 2], [1, 5], [3, 5], [2, 3], [2, 5], [4, 5]) (60 MBFs)

Profile: 0-6-1-0-0
IMBF([2, 4], [2, 3, 5], [1, 5], [1, 4], [3, 4], [1, 3], [4, 5]) (60 MBFs)

Profile: 0-7-0-0-0
IMBF([1, 2], [1, 5], [1, 4], [3, 5], [3, 4], [2, 3], [1, 3]) (10 MBFs)
IMBF([2, 4], [1, 5], [1, 4], [3, 5], [3, 4], [1, 3], [4, 5]) (20 MBFs)

Profile: 0-7-1-0-0
IMBF([1, 2], [1, 5], [1, 4], [3, 5], [3, 4], [2, 3], [1, 3], [2, 4, 5]) (10 MBFs)

Profile: 0-8-0-0-0
IMBF([2, 4], [1, 2], [1, 5], [1, 4], [3, 5], [3, 4], [1, 3], [4, 5]) (30 MBFs)

Profile: 0-9-0-0-0
IMBF([2, 4], [1, 2], [1, 5], [1, 4], [3, 4], [2, 3], [2, 5], [1, 3], [4, 5]) (10 MBFs)

Profile: 1-0-0-0-0
IMBF([1]) (5 MBFs)

Profile: 1-0-0-1-0
IMBF([1, 2, 3, 4], [5]) (5 MBFs)

Profile: 1-0-1-0-0
IMBF([1, 3, 5], [2]) (20 MBFs)

Profile: 1-0-2-0-0
IMBF([1, 3, 4], [1, 3, 5], [2]) (30 MBFs)

Profile: 1-0-3-0-0
IMBF([2, 3, 5], [2, 3, 4], [3, 4, 5], [1]) (20 MBFs)

Profile: 1-0-4-0-0
IMBF([1, 4, 5], [1, 3, 4], [1, 3, 5], [2], [3, 4, 5]) (5 MBFs)

Profile: 1-1-0-0-0
IMBF([1, 4], [2]) (30 MBFs)

Profile: 1-1-1-0-0
IMBF([2, 3, 5], [4, 5], [1]) (60 MBFs)

Profile: 1-1-2-0-0
IMBF([2, 3, 5], [4, 5], [2, 3, 4], [1]) (30 MBFs)

Profile: 1-2-0-0-0
IMBF([1, 4], [2], [4, 5]) (60 MBFs)

Profile: 1-2-1-0-0
IMBF([2, 4], [2, 3, 5], [4, 5], [1]) (60 MBFs)

Profile: 1-3-0-0-0
IMBF([3, 4], [2], [3, 5], [4, 5]) (20 MBFs)
IMBF([2, 4], [1, 2], [3], [2, 5]) (20 MBFs)

Profile: 1-3-1-0-0
IMBF([1, 5], [4, 5], [3], [2, 5], [1, 2, 4]) (20 MBFs)

Profile: 1-4-0-0-0
IMBF([1, 3], [2], [1, 5], [3, 5], [4, 5]) (60 MBFs)

Profile: 1-5-0-0-0
IMBF([2, 4], [5], [1, 2], [3, 4], [2, 3], [1, 3]) (30 MBFs)

Profile: 1-6-0-0-0
IMBF([1, 5], [1, 4], [3, 5], [3, 4], [1, 3], [2], [4, 5]) (5 MBFs)

Profile: 2-0-0-0-0
IMBF([4], [5]) (10 MBFs)

Profile: 2-0-1-0-0
IMBF([5], [2, 3, 4], [1]) (10 MBFs)

Profile: 2-1-0-0-0
IMBF([5], [3], [1, 4]) (30 MBFs)

Profile: 2-2-0-0-0
IMBF([1, 3], [3, 4], [5], [2]) (30 MBFs)

Profile: 2-3-0-0-0
IMBF([1, 2], [4], [3], [1, 5], [2, 5]) (10 MBFs)

Profile: 3-0-0-0-0
IMBF([4], [2], [3]) (10 MBFs)

Profile: 3-1-0-0-0
IMBF([5], [2], [3], [1, 4]) (10 MBFs)

Profile: 4-0-0-0-0
IMBF([4], [2], [3], [1]) (5 MBFs)

Profile: 5-0-0-0-0
IMBF([4], [5], [2], [3], [1]) (1 MBFs)

Total IMBFs: 118 IMBFs
Total MBFs : 3286 MBFs
